# graph
frame: map

# nodes: id: position
node:    0: [  +1.5500,  +0.0125]
node:    1: [  +1.5333,  +0.4333]
node:    2: [  +1.8500,  +0.9000]
node:    3: [  +1.1500,  +0.8000]
node:    4: [  +3.7500,  +0.0125]
node:    5: [  +2.9000,  +2.6500]
node:    6: [  +0.0125,  +2.1000]
node:    7: [  +4.9500,  +4.1000]
node:    8: [  +1.0250,  +4.6500]
node:    9: [  +0.6500,  +4.9500]

# edges: id: valid: directed: weight: nodes: path
edge:     0:   valid: undirected:   1.0000: [   0,    1]: [[ 1.55, 0.35]; [ 1.55, 0.3]; [ 1.55, 0.25]; [ 1.55, 0.2]; [ 1.55, 0.15]; [ 1.55, 0.1]]
edge:     1:   valid: undirected:   1.0000: [   1,    2]: [[ 1.85, 0.85]; [ 1.8, 0.8]; [ 1.75, 0.75]; [ 1.75, 0.7]; [ 1.7, 0.65]; [ 1.65, 0.6]; [ 1.65, 0.55]; [ 1.6, 0.5]; [ 1.55, 0.45]]
edge:     2:   valid: undirected:   1.0000: [   1,    3]: [[ 1.2, 0.75]; [ 1.25, 0.7]; [ 1.3, 0.65]; [ 1.35, 0.6]; [ 1.4, 0.55]; [ 1.45, 0.5]]
edge:     3:   valid: undirected:   1.0000: [   4,    5]: [[ 2.95, 2.6]; [ 2.95, 2.55]; [ 2.95, 2.5]; [ 3, 2.45]; [ 3, 2.4]; [ 3.05, 2.35]; [ 3.05, 2.3]; [ 3.1, 2.25]; [ 3.1, 2.2]; [ 3.15, 2.15]; [ 3.15, 2.1]; [ 3.2, 2.05]; [ 3.2, 2]; [ 3.25, 1.95]; [ 3.25, 1.9]; [ 3.3, 1.85]; [ 3.3, 1.8]; [ 3.3, 1.75]; [ 3.35, 1.7]; [ 3.35, 1.65]; [ 3.35, 1.6]; [ 3.4, 1.55]; [ 3.4, 1.5]; [ 3.4, 1.45]; [ 3.45, 1.4]; [ 3.45, 1.35]; [ 3.45, 1.3]; [ 3.45, 1.25]; [ 3.45, 1.2]; [ 3.45, 1.15]; [ 3.45, 1.1]; [ 3.45, 1.05]; [ 3.45, 1]; [ 3.45, 0.95]; [ 3.45, 0.9]; [ 3.45, 0.85]; [ 3.45, 0.8]; [ 3.45, 0.75]; [ 3.45, 0.7]; [ 3.45, 0.65]; [ 3.5, 0.6]; [ 3.5, 0.55]; [ 3.55, 0.5]; [ 3.55, 0.45]; [ 3.6, 0.4]; [ 3.6, 0.35]; [ 3.65, 0.3]; [ 3.65, 0.25]; [ 3.7, 0.2]; [ 3.7, 0.15]; [ 3.75, 0.1]]
edge:     4:   valid: undirected:   1.0000: [   5,    6]: [[ 0.1, 2.1]; [ 0.15, 2.15]; [ 0.2, 2.15]; [ 0.25, 2.2]; [ 0.3, 2.2]; [ 0.35, 2.25]; [ 0.4, 2.3]; [ 0.45, 2.3]; [ 0.5, 2.3]; [ 0.55, 2.3]; [ 0.6, 2.3]; [ 0.65, 2.3]; [ 0.7, 2.3]; [ 0.75, 2.3]; [ 0.8, 2.35]; [ 0.85, 2.35]; [ 0.9, 2.35]; [ 0.95, 2.35]; [ 1, 2.35]; [ 1.05, 2.35]; [ 1.1, 2.3]; [ 1.15, 2.3]; [ 1.2, 2.3]; [ 1.25, 2.35]; [ 1.3, 2.35]; [ 1.35, 2.35]; [ 1.4, 2.4]; [ 1.45, 2.4]; [ 1.5, 2.4]; [ 1.55, 2.4]; [ 1.6, 2.4]; [ 1.65, 2.4]; [ 1.7, 2.4]; [ 1.75, 2.45]; [ 1.8, 2.45]; [ 1.85, 2.45]; [ 1.9, 2.45]; [ 1.95, 2.45]; [ 2, 2.5]; [ 2.05, 2.5]; [ 2.1, 2.5]; [ 2.15, 2.5]; [ 2.2, 2.5]; [ 2.25, 2.5]; [ 2.3, 2.55]; [ 2.35, 2.55]; [ 2.4, 2.55]; [ 2.45, 2.6]; [ 2.5, 2.6]; [ 2.55, 2.6]; [ 2.6, 2.65]; [ 2.65, 2.65]; [ 2.7, 2.65]; [ 2.75, 2.65]; [ 2.8, 2.65]; [ 2.85, 2.65]]
edge:     5:   valid: undirected:   1.0000: [   5,    7]: [[ 4.9, 4.1]; [ 4.85, 4.1]; [ 4.8, 4.1]; [ 4.75, 4.05]; [ 4.7, 4.05]; [ 4.65, 4.05]; [ 4.6, 4.1]; [ 4.55, 4.1]; [ 4.5, 4.05]; [ 4.45, 4.05]; [ 4.4, 4.05]; [ 4.35, 4.05]; [ 4.3, 4.05]; [ 4.25, 4.05]; [ 4.2, 4]; [ 4.15, 4]; [ 4.1, 3.95]; [ 4.05, 3.95]; [ 4, 3.95]; [ 3.95, 3.9]; [ 3.9, 3.9]; [ 3.85, 3.85]; [ 3.8, 3.85]; [ 3.75, 3.8]; [ 3.7, 3.75]; [ 3.65, 3.75]; [ 3.6, 3.7]; [ 3.55, 3.7]; [ 3.5, 3.65]; [ 3.45, 3.6]; [ 3.45, 3.55]; [ 3.4, 3.5]; [ 3.4, 3.45]; [ 3.35, 3.4]; [ 3.3, 3.35]; [ 3.3, 3.3]; [ 3.25, 3.25]; [ 3.2, 3.2]; [ 3.15, 3.15]; [ 3.15, 3.1]; [ 3.1, 3.05]; [ 3.1, 3]; [ 3.05, 2.95]; [ 3.05, 2.9]; [ 3, 2.85]; [ 3, 2.8]; [ 2.95, 2.75]; [ 2.95, 2.7]]
edge:     6:   valid: undirected:   1.0000: [   8,    9]: [[ 0.65, 4.9]; [ 0.7, 4.85]; [ 0.75, 4.8]; [ 0.8, 4.8]; [ 0.85, 4.75]; [ 0.9, 4.75]; [ 0.95, 4.7]]
